[gd_scene load_steps=19 format=3 uid="uid://bos0kgufkj7rm"]

[ext_resource type="PackedScene" uid="uid://du7xjyugkrgid" path="res://entity/environment/rail.tscn" id="2_rmoe1"]
[ext_resource type="PackedScene" uid="uid://m3n3e4r5gvqw" path="res://entity/environment/greybox.tscn" id="2_te7qo"]

[sub_resource type="StandardMaterial3D" id="StandardMaterial3D_buo45"]
albedo_color = Color(0, 0, 0, 1)

[sub_resource type="PlaneMesh" id="PlaneMesh_43ysm"]
material = SubResource("StandardMaterial3D_buo45")
size = Vector2(300, 300)

[sub_resource type="Curve3D" id="Curve3D_fq2y1"]
_data = {
"points": PackedVector3Array(0, 0, 0, 0, 0, 0, 26.9339, 14.5697, 76.1523, 0, 0, 0, 0, 0, 0, 40.5517, 15.6398, 43.7822, 0, 0, 0, 0, 0, 0, 41.2885, 15.6398, 41.0891),
"tilts": PackedFloat32Array(0, 0, 0)
}
point_count = 3

[sub_resource type="Curve3D" id="Curve3D_nv0ij"]
_data = {
"points": PackedVector3Array(0, 0, 0, 0, 0, 0, 20.0887, -1.59411, -7.22327, 0, 0, 0, 0, 0, 0, 22.5941, 3.35186, -5.06768, 0, 0, 0, 0, 0, 0, 34.7969, 3.35186, -5.2082, 0, 0, 0, 0, 0, 0, 38.7693, 5.37236, -8.03316, 0, 0, 0, 0, 0, 0, 49.551, 5.3723, -10.4712, 0, 0, 0, 0, 0, 0, 57.851, 5.3723, -6.46938, 0, 0, 0, 0, 0, 0, 65.1135, 5.3723, -9.7795, 0, 0, 0, 0, 0, 0, 66.8962, 5.37231, -22.3547, 0, 0, 0, 0, 0, 0, 75.8658, 2.09325, -30.3181, 0, 0, 0, 0, 0, 0, 82.6084, 2.09325, -35.8265),
"tilts": PackedFloat32Array(0, 0, 0, 0, 0, 0, 0, 0, 0, 0)
}
point_count = 10

[sub_resource type="Curve3D" id="Curve3D_c7u8e"]
_data = {
"points": PackedVector3Array(0, 0, 0, 0, 0, 0, -52.6796, 8.07566, 71.181, 0, 0, 0, 0, 0, 0, -50.1446, 11.6384, 68.2522, 0, 0, 0, 0, 0, 0, -25.1758, 15.9784, 74.3065, 0, 0, 0, 0, 0, 0, -24.5335, 14.3709, 75.2163),
"tilts": PackedFloat32Array(0, 0, 0, 0)
}
point_count = 4

[sub_resource type="Curve3D" id="Curve3D_x6j3m"]
_data = {
"points": PackedVector3Array(0, 0, 0, 0, 0, 0, 12.4616, 6.25716, 61.8746, 0, 0, 0, 0, 0, 0, 12.1676, 7.97825, 59.4741, 0, 0, 0, 0, 0, 0, 10.8701, 7.13607, 47.8935, 0, 0, 0, 0, 0, 0, 10.6876, 7.97825, 32.3788, 0, 0, 0, 0, 0, 0, 9.14427, 6.92696, 17.5771, 0, 0, 0, 0, 0, 0, 8.18517, 8.17028, 2.17976, 0, 0, 0, 0, 0, 0, 8.20622, 7.18296, -14.4288, 0, 0, 0, 0, 0, 0, 9.9909, 7.85177, -32.9706, 0, 0, 0, 0, 0, 0, 15.8805, 5.30895, -41.2069, 0, 0, 0, 0, 0, 0, 16.8098, 2.14393, -45.1479, 0, 0, 0, 0, 0, 0, 15.9435, -0.229116, -49.474),
"tilts": PackedFloat32Array(0, 0, 0, 0, 0, 0, 0, 0, 0, 0, 0)
}
point_count = 11

[sub_resource type="Curve3D" id="Curve3D_w6ere"]
_data = {
"points": PackedVector3Array(0, 0, 0, 0, 0, 0, -41.448, 5.89981, 101.532, 0, 0, 0, 0, 0, 0, -13.7079, 8.94752, 101.626, 0, 0, 0, 0, 0, 0, 0.782513, 5.64496, 102.285, 0, 0, 0, 0, 0, 0, 20.328, 7.85472, 101.543, 0, 0, 0, 0, 0, 0, 34.3857, 5.1458, 99.9008, 0, 0, 0, 0, 0, 0, 48.6049, 7.68012, 99.4452, 0, 0, 0, 0, 0, 0, 58.1231, 4.61788, 87.3153, 0, 0, 0, 0, 0, 0, 68.8017, 8.64438, 75.2642, 0, 0, 0, 0, 0, 0, 78.0625, 6.63071, 62.7683, 0, 0, 0, 0, 0, 0, 88.561, 7.76887, 50.9938, 0, 0, 0, 0, 0, 0, 109.715, 10.1082, 29.3665, 0, 0, 0, 0, 0, 0, 117.83, 10.6001, 17.5077, 0, 0, 0, 0, 0, 0, 129.501, 15.1098, -5.58121, 0, 0, 0, 0, 0, 0, 132.106, 11.1791, -9.10033),
"tilts": PackedFloat32Array(0, 0, 0, 0, 0, 0, 0, 0, 0, 0, 0, 0, 0, 0)
}
point_count = 14

[sub_resource type="BoxMesh" id="BoxMesh_gpjlf"]
size = Vector3(20, 15, 15)

[sub_resource type="BoxMesh" id="BoxMesh_fd76l"]
size = Vector3(150, 40, 4)

[sub_resource type="BoxMesh" id="BoxMesh_krh5m"]
size = Vector3(30, 10, 3)

[sub_resource type="BoxMesh" id="BoxMesh_b60p1"]
size = Vector3(14, 5, 1)

[sub_resource type="CylinderMesh" id="CylinderMesh_efygk"]
top_radius = 15.0
bottom_radius = 15.0
height = 4.0

[sub_resource type="BoxMesh" id="BoxMesh_5icln"]
size = Vector3(70, 10, 70)

[sub_resource type="PrismMesh" id="PrismMesh_1mut2"]
left_to_right = 1.0
size = Vector3(10, 4, 10)

[sub_resource type="PrismMesh" id="PrismMesh_1lnr0"]
left_to_right = 1.0
size = Vector3(15, 15, 15)

[sub_resource type="CylinderMesh" id="CylinderMesh_srwb7"]
top_radius = 2.7
bottom_radius = 3.0
height = 7.0

[node name="PlatformerWorld" type="Node3D"]

[node name="Floor" type="MeshInstance3D" parent="."]
mesh = SubResource("PlaneMesh_43ysm")
metadata/_edit_lock_ = true

[node name="Path3D" parent="." instance=ExtResource("2_rmoe1")]
curve = SubResource("Curve3D_fq2y1")

[node name="Path3D2" parent="." instance=ExtResource("2_rmoe1")]
curve = SubResource("Curve3D_nv0ij")

[node name="Path3D3" parent="." instance=ExtResource("2_rmoe1")]
curve = SubResource("Curve3D_c7u8e")

[node name="Path3D4" parent="." instance=ExtResource("2_rmoe1")]
curve = SubResource("Curve3D_x6j3m")

[node name="Path3D5" parent="." instance=ExtResource("2_rmoe1")]
curve = SubResource("Curve3D_w6ere")

[node name="Building1" parent="." instance=ExtResource("2_te7qo")]
transform = Transform3D(0.930954, 0, -0.365137, 0, 1, 0, 0.365137, 0, 0.930954, -25.8843, -4.29561, 81.6202)
mesh = SubResource("BoxMesh_gpjlf")

[node name="Building25" parent="." instance=ExtResource("2_te7qo")]
transform = Transform3D(0.967502, 0, 0.252863, 0, 1, 0, -0.252863, 0, 0.967502, 29.2339, -4.74492, 80.8534)
mesh = SubResource("BoxMesh_gpjlf")

[node name="Building26" parent="." instance=ExtResource("2_te7qo")]
transform = Transform3D(0.999798, 0, 0.0201048, 0, 1, 0, -0.0201048, 0, 0.999798, 2.62896, 18.505, 82.6931)
mesh = SubResource("BoxMesh_gpjlf")

[node name="Building23" parent="." instance=ExtResource("2_te7qo")]
transform = Transform3D(1, 0, 0, 0, 1, 0, 0, 0, 1, -16.3513, 7.13974, 81.4749)
mesh = SubResource("BoxMesh_gpjlf")

[node name="Building24" parent="." instance=ExtResource("2_te7qo")]
transform = Transform3D(1, 0, 0, 0, 1, 0, 0, 0, 1, 19.3012, 7.13974, 81.0099)
mesh = SubResource("BoxMesh_gpjlf")

[node name="Building27" parent="." instance=ExtResource("2_te7qo")]
transform = Transform3D(1, 0, 0, 0, 1, 0, 0, 0, 1, 19.3012, 3.76405, 78.7963)
mesh = SubResource("BoxMesh_gpjlf")

[node name="Building28" parent="." instance=ExtResource("2_te7qo")]
transform = Transform3D(0.99966, 0, -0.0260723, 0, 1, 0, 0.0260723, 0, 0.99966, -16.6336, 3.76405, 78.9654)
mesh = SubResource("BoxMesh_gpjlf")

[node name="Building2" parent="." instance=ExtResource("2_te7qo")]
transform = Transform3D(-0.00244347, 0, 0.999997, 0, 1, 0, -0.999997, 0, -0.00244347, 27.1613, 6.99073, -16.2356)
mesh = SubResource("BoxMesh_gpjlf")

[node name="Building6" parent="." instance=ExtResource("2_te7qo")]
transform = Transform3D(-0.00244347, 0, 0.999997, 0, 1, 0, -0.999997, 0, -0.00244347, 31.9035, 6.99073, 11.5854)
mesh = SubResource("BoxMesh_gpjlf")

[node name="Building7" parent="." instance=ExtResource("2_te7qo")]
transform = Transform3D(-0.133225, 0, 0.991086, 0, 1, 0, -0.991086, 0, -0.133225, 44.0225, 6.99073, 10.6897)
mesh = SubResource("BoxMesh_gpjlf")

[node name="Building8" parent="." instance=ExtResource("2_te7qo")]
transform = Transform3D(-0.23811, 0, 0.971238, 0, 1, 0, -0.971238, 0, -0.23811, 55.1931, 6.99073, 6.00016)
mesh = SubResource("BoxMesh_gpjlf")

[node name="Building9" parent="." instance=ExtResource("2_te7qo")]
transform = Transform3D(-0.419214, 0, 0.907887, 0, 1, 0, -0.907887, 0, -0.419214, 68.682, 6.99073, 0.520269)
mesh = SubResource("BoxMesh_gpjlf")

[node name="Building10" parent="." instance=ExtResource("2_te7qo")]
transform = Transform3D(-0.777991, 0, 0.628275, 0, 1, 0, -0.628275, 0, -0.777991, 135.201, 6.99073, -39.4187)
mesh = SubResource("BoxMesh_gpjlf")

[node name="Building22" parent="." instance=ExtResource("2_te7qo")]
transform = Transform3D(-0.862699, 0, 0.505717, 0, 1, 0, -0.505717, 0, -0.862699, 89.6195, 6.99073, -63.0995)
mesh = SubResource("BoxMesh_gpjlf")

[node name="Building13" parent="." instance=ExtResource("2_te7qo")]
transform = Transform3D(-0.467914, 0, 0.883774, 0, 1, 0, -0.883774, 0, -0.467914, 84.8056, 6.99073, 20.2795)
mesh = SubResource("BoxMesh_gpjlf")

[node name="Building30" parent="." instance=ExtResource("2_te7qo")]
transform = Transform3D(-0.995258, 0, -0.0972698, 0, 1, 0, 0.0972698, 0, -0.995258, 39.429, 6.99073, 25.7528)
mesh = SubResource("BoxMesh_gpjlf")

[node name="Building31" parent="." instance=ExtResource("2_te7qo")]
transform = Transform3D(-0.931476, 0, -0.363804, 0, 1, 0, 0.363804, 0, -0.931476, 45.4187, 6.99073, 34.8523)
mesh = SubResource("BoxMesh_gpjlf")

[node name="Building32" parent="." instance=ExtResource("2_te7qo")]
transform = Transform3D(-0.930922, 0, 0.365218, 0, 1, 0, -0.365218, 0, -0.930922, 53.4528, 6.99073, 37.1059)
mesh = SubResource("BoxMesh_gpjlf")

[node name="Building33" parent="." instance=ExtResource("2_te7qo")]
transform = Transform3D(-0.953302, 0, -0.30202, 0, 1, 0, 0.30202, 0, -0.953302, 60.6041, 6.99073, 34.109)
mesh = SubResource("BoxMesh_gpjlf")

[node name="Building34" parent="." instance=ExtResource("2_te7qo")]
transform = Transform3D(-0.953302, 0, -0.30202, 0, 1, 0, 0.30202, 0, -0.953302, 58.9247, 6.99073, 9.45155)
mesh = SubResource("BoxMesh_gpjlf")

[node name="Building35" parent="." instance=ExtResource("2_te7qo")]
transform = Transform3D(-0.991689, 0, -0.128657, 0, 1, 0, 0.128657, 0, -0.991689, -96.1288, 12.6815, 22.0986)
mesh = SubResource("BoxMesh_gpjlf")

[node name="Building66" parent="." instance=ExtResource("2_te7qo")]
transform = Transform3D(-0.350975, 0, 0.936385, 0, 1, 0, -0.936385, 0, -0.350975, -50.9248, 6.23568, 15.2274)
mesh = SubResource("BoxMesh_gpjlf")

[node name="Building67" parent="." instance=ExtResource("2_te7qo")]
transform = Transform3D(-0.675487, 0, 0.737372, 0, 1, 0, -0.737372, 0, -0.675487, -47.5667, 3.84026, 26.6646)
mesh = SubResource("BoxMesh_gpjlf")

[node name="Building56" parent="." instance=ExtResource("2_te7qo")]
transform = Transform3D(-0.665999, 0, -0.745952, 0, 1, 0, 0.745952, 0, -0.665999, -106.97, 7.84735, 7.29644)
mesh = SubResource("BoxMesh_gpjlf")

[node name="Building57" parent="." instance=ExtResource("2_te7qo")]
transform = Transform3D(-0.853497, 0, -0.521099, 0, 1, 0, 0.521099, 0, -0.853497, -102.649, 10.6091, 14.6056)
mesh = SubResource("BoxMesh_gpjlf")

[node name="Building48" parent="." instance=ExtResource("2_te7qo")]
transform = Transform3D(-0.932639, 0, 0.360811, 0, 1, 0, -0.360811, 0, -0.932639, -104.292, 10.1964, 31.5925)
mesh = SubResource("BoxMesh_gpjlf")

[node name="Building49" parent="." instance=ExtResource("2_te7qo")]
transform = Transform3D(-0.296891, 0, 0.954911, 0, 1, 0, -0.954911, 0, -0.296891, -84.968, 10.1964, 84.572)
mesh = SubResource("BoxMesh_gpjlf")

[node name="Building50" parent="." instance=ExtResource("2_te7qo")]
transform = Transform3D(-0.296891, 0, 0.954911, 0, 1, 0, -0.954911, 0, -0.296891, -62.2361, 9.96371, 144.956)
mesh = SubResource("BoxMesh_gpjlf")

[node name="Building51" parent="." instance=ExtResource("2_te7qo")]
transform = Transform3D(-0.00205889, 0, 0.999998, 0, 1, 0, -0.999998, 0, -0.00205889, -5.04025, 7.96975, 139.068)
mesh = SubResource("BoxMesh_gpjlf")

[node name="Building54" parent="." instance=ExtResource("2_te7qo")]
transform = Transform3D(-0.509386, 0, 0.860538, 0, 1, 0, -0.860538, 0, -0.509386, 69.2753, 7.81522, 139.736)
mesh = SubResource("BoxMesh_gpjlf")

[node name="Building55" parent="." instance=ExtResource("2_te7qo")]
transform = Transform3D(-0.192076, 0, 0.98138, 0, 1, 0, -0.98138, 0, -0.192076, 79.4211, 7.81522, 135.888)
mesh = SubResource("BoxMesh_gpjlf")

[node name="Building52" parent="." instance=ExtResource("2_te7qo")]
transform = Transform3D(0.140764, 0, 0.990043, 0, 1, 0, -0.990043, 0, 0.140764, 7.37847, 7.96975, 145.427)
mesh = SubResource("BoxMesh_gpjlf")

[node name="Building53" parent="." instance=ExtResource("2_te7qo")]
transform = Transform3D(0.545883, 0, 0.837861, 0, 1, 0, -0.837861, 0, 0.545883, 15.321, 4.59251, 150.897)
mesh = SubResource("BoxMesh_gpjlf")

[node name="Building17" parent="." instance=ExtResource("2_te7qo")]
transform = Transform3D(-0.636455, 0, 0.771314, 0, 1, 0, -0.771314, 0, -0.636455, 133.519, 6.99073, -25.8178)
mesh = SubResource("BoxMesh_gpjlf")

[node name="Building29" parent="." instance=ExtResource("2_te7qo")]
transform = Transform3D(-0.984267, 0, 0.176689, 0, 1, 0, -0.176689, 0, -0.984267, 136.856, 6.99073, -10.129)
mesh = SubResource("BoxMesh_gpjlf")

[node name="Building18" parent="." instance=ExtResource("2_te7qo")]
transform = Transform3D(-0.68442, 0, 0.729088, 0, 1, 0, -0.729088, 0, -0.68442, 81.025, 6.99073, -10.0751)
mesh = SubResource("BoxMesh_gpjlf")

[node name="Building15" parent="." instance=ExtResource("2_te7qo")]
transform = Transform3D(0.590437, 0, -0.807084, 0, 1, 0, 0.807084, 0, 0.590437, 58.0911, 6.99073, -30.0934)
mesh = SubResource("BoxMesh_gpjlf")

[node name="Building16" parent="." instance=ExtResource("2_te7qo")]
transform = Transform3D(0.645378, 0, -0.763864, 0, 1, 0, 0.763864, 0, 0.645378, 68.1071, 6.99073, -37.9654)
mesh = SubResource("BoxMesh_gpjlf")

[node name="Building14" parent="." instance=ExtResource("2_te7qo")]
transform = Transform3D(-0.510603, 0, 0.859817, 0, 1, 0, -0.859817, 0, -0.510603, 87.2293, 6.99073, 10.1101)
mesh = SubResource("BoxMesh_gpjlf")

[node name="Building11" parent="." instance=ExtResource("2_te7qo")]
transform = Transform3D(-0.480484, 0, -0.877004, 0, 1, 0, 0.877004, 0, -0.480484, 74.8957, 6.99073, -65.0412)
mesh = SubResource("BoxMesh_gpjlf")

[node name="Building21" parent="." instance=ExtResource("2_te7qo")]
transform = Transform3D(-0.837776, 0, -0.546014, 0, 1, 0, 0.546014, 0, -0.837776, 68.3852, 6.99073, -70.8092)
mesh = SubResource("BoxMesh_gpjlf")

[node name="Building19" parent="." instance=ExtResource("2_te7qo")]
transform = Transform3D(0.578143, 0, -0.815936, 0, 1, 0, 0.815936, 0, 0.578143, 46.6836, 6.99073, -58.6449)
mesh = SubResource("BoxMesh_gpjlf")

[node name="Building20" parent="." instance=ExtResource("2_te7qo")]
transform = Transform3D(0.364731, 0, -0.931114, 0, 1, 0, 0.931114, 0, 0.364731, 37.2035, 6.99073, -51.0494)
mesh = SubResource("BoxMesh_gpjlf")

[node name="Building12" parent="." instance=ExtResource("2_te7qo")]
transform = Transform3D(0.203778, 0, -0.979017, 0, 1, 0, 0.979017, 0, 0.203778, 25.6103, 6.99073, -46.0238)
mesh = SubResource("BoxMesh_gpjlf")

[node name="Building36" parent="." instance=ExtResource("2_te7qo")]
transform = Transform3D(-0.967859, 0, -0.251495, 0, 1, 0, 0.251495, 0, -0.967859, 57.6419, 6.99072, -110.753)
mesh = SubResource("BoxMesh_gpjlf")

[node name="AtlasWall" parent="." instance=ExtResource("2_te7qo")]
transform = Transform3D(-0.980085, 0, -0.198581, 0, 1, 0, 0.198581, 0, -0.980085, 55.2365, 16.3888, -115.155)
mesh = SubResource("BoxMesh_fd76l")

[node name="AtlasWall3" parent="." instance=ExtResource("2_te7qo")]
transform = Transform3D(-0.068137, 0, 0.997676, 0, 1, 0, -0.997676, 0, -0.068137, 135.274, 16.3888, -57.1968)
mesh = SubResource("BoxMesh_fd76l")

[node name="AtlasWall4" parent="." instance=ExtResource("2_te7qo")]
transform = Transform3D(0.466634, 0, 0.884451, 0, 1, 0, -0.884451, 0, 0.466634, 105.885, 16.3888, 81.5088)
mesh = SubResource("BoxMesh_fd76l")

[node name="AtlasWall5" parent="." instance=ExtResource("2_te7qo")]
transform = Transform3D(0.999285, 0, 0.0378295, 0, 1, 0, -0.0378295, 0, 0.999285, -0.876518, 16.3888, 148.781)
mesh = SubResource("BoxMesh_fd76l")

[node name="AtlasWall2" parent="." instance=ExtResource("2_te7qo")]
transform = Transform3D(-0.995255, 0, -0.0973048, 0, 1, 0, 0.0973048, 0, -0.995255, -91.035, 16.3888, -93.0958)
mesh = SubResource("BoxMesh_fd76l")

[node name="AtlasWall6" parent="." instance=ExtResource("2_te7qo")]
transform = Transform3D(0.0452582, 0, -0.998976, 0, 1, 0, 0.998976, 0, 0.0452582, -111.003, 16.3888, -17.1926)
mesh = SubResource("BoxMesh_fd76l")

[node name="AtlasWall7" parent="." instance=ExtResource("2_te7qo")]
transform = Transform3D(0.28199, 0, -0.959418, 0, 1, 0, 0.959418, 0, 0.28199, -88.7406, 16.3888, 79.1531)
mesh = SubResource("BoxMesh_fd76l")

[node name="Building37" parent="." instance=ExtResource("2_te7qo")]
transform = Transform3D(-0.967859, 0, -0.251495, 0, 1, 0, 0.251495, 0, -0.967859, 40.2107, 6.99072, -108.124)
mesh = SubResource("BoxMesh_gpjlf")

[node name="Building38" parent="." instance=ExtResource("2_te7qo")]
transform = Transform3D(-0.967859, 0, -0.251495, 0, 1, 0, 0.251495, 0, -0.967859, 23.1943, 6.99073, -101.335)
mesh = SubResource("BoxMesh_gpjlf")

[node name="Building39" parent="." instance=ExtResource("2_te7qo")]
transform = Transform3D(-0.967859, 0, -0.251495, 0, 1, 0, 0.251495, 0, -0.967859, 9.26122, 6.99073, -96.9128)
mesh = SubResource("BoxMesh_gpjlf")

[node name="Building40" parent="." instance=ExtResource("2_te7qo")]
transform = Transform3D(-0.967859, 0, -0.251495, 0, 1, 0, 0.251495, 0, -0.967859, -7.02722, 6.99073, -93.0954)
mesh = SubResource("BoxMesh_gpjlf")

[node name="Building41" parent="." instance=ExtResource("2_te7qo")]
transform = Transform3D(-0.967859, 0, -0.251495, 0, 1, 0, 0.251495, 0, -0.967859, -7.02722, 5.38782, -92.2635)
mesh = SubResource("BoxMesh_gpjlf")

[node name="Building42" parent="." instance=ExtResource("2_te7qo")]
transform = Transform3D(-0.992912, 0, -0.118855, 0, 1, 0, 0.118855, 0, -0.992912, -24.8763, 5.38781, -91.5167)
mesh = SubResource("BoxMesh_gpjlf")

[node name="Building43" parent="." instance=ExtResource("2_te7qo")]
transform = Transform3D(-0.999323, 0, -0.0368007, 0, 1, 0, 0.0368007, 0, -0.999323, -43.607, 5.38781, -90.8472)
mesh = SubResource("BoxMesh_gpjlf")

[node name="Building44" parent="." instance=ExtResource("2_te7qo")]
transform = Transform3D(-0.999323, 0, -0.0368007, 0, 1, 0, 0.0368007, 0, -0.999323, -62.1601, 6.21494, -88.3476)
mesh = SubResource("BoxMesh_gpjlf")

[node name="Building45" parent="." instance=ExtResource("2_te7qo")]
transform = Transform3D(-0.990448, 0, -0.137894, 0, 1, 0, 0.137894, 0, -0.990448, -76.5151, 6.99073, -88.5338)
mesh = SubResource("BoxMesh_gpjlf")

[node name="Building46" parent="." instance=ExtResource("2_te7qo")]
transform = Transform3D(-0.998742, 0, -0.0501571, 0, 1, 0, 0.0501571, 0, -0.998742, -93.767, 6.99072, -84.9081)
mesh = SubResource("BoxMesh_gpjlf")

[node name="Building47" parent="." instance=ExtResource("2_te7qo")]
transform = Transform3D(-0.998742, 0, -0.0501571, 0, 1, 0, 0.0501571, 0, -0.998742, -111.103, 6.99073, -81.7852)
mesh = SubResource("BoxMesh_gpjlf")

[node name="Wall1" parent="." instance=ExtResource("2_te7qo")]
transform = Transform3D(-0.879707, 0, -0.475517, 0, 1, 0, 0.475517, 0, -0.879707, 98.2957, -0.572364, -11.0901)
mesh = SubResource("BoxMesh_krh5m")

[node name="Wall17" parent="." instance=ExtResource("2_te7qo")]
transform = Transform3D(-0.879707, 0, -0.475517, 0, 1, 0, 0.475517, 0, -0.879707, 33.879, -0.572364, -77.9633)
mesh = SubResource("BoxMesh_krh5m")

[node name="Wall18" parent="." instance=ExtResource("2_te7qo")]
transform = Transform3D(-0.969958, 0, -0.243277, 0, 1, 0, 0.243277, 0, -0.969958, 60.5982, -0.572364, -88.2575)
mesh = SubResource("BoxMesh_krh5m")

[node name="Wall19" parent="." instance=ExtResource("2_te7qo")]
transform = Transform3D(-0.969958, 0, -0.243277, 0, 1, 0, 0.243277, 0, -0.969958, 118.719, -0.572364, -100.423)
mesh = SubResource("BoxMesh_krh5m")

[node name="Wall4" parent="." instance=ExtResource("2_te7qo")]
transform = Transform3D(-0.995731, 0, -0.0923014, 0, 1, 0, 0.0923014, 0, -0.995731, -21.6027, -0.572371, 63.8527)
mesh = SubResource("BoxMesh_krh5m")

[node name="Wall5" parent="." instance=ExtResource("2_te7qo")]
transform = Transform3D(-0.995731, 0, -0.0923014, 0, 1, 0, 0.0923014, 0, -0.995731, 26.9228, -0.572371, 60.813)
mesh = SubResource("BoxMesh_krh5m")

[node name="Wall6" parent="." instance=ExtResource("2_te7qo")]
transform = Transform3D(-0.902116, 0.423314, -0.0836235, 0.421507, 0.905983, 0.0390725, 0.0923014, -1.62749e-09, -0.995731, 12.9884, 14.8594, 85.2728)
mesh = SubResource("BoxMesh_krh5m")

[node name="Wall7" parent="." instance=ExtResource("2_te7qo")]
transform = Transform3D(-0.902116, 0.423314, -0.0836235, 0.421507, 0.905983, 0.0390725, 0.0923014, -1.62749e-09, -0.995731, 32.565, 1.63211, 85.0628)
mesh = SubResource("BoxMesh_krh5m")

[node name="Wall8" parent="." instance=ExtResource("2_te7qo")]
transform = Transform3D(0.902116, -0.423314, 0.0836234, 0.421507, 0.905983, 0.0390725, -0.0923013, -3.87548e-08, 0.995731, -9.86313, 14.8594, 83.4269)
mesh = SubResource("BoxMesh_krh5m")

[node name="Wall9" parent="." instance=ExtResource("2_te7qo")]
transform = Transform3D(0.902116, -0.423314, 0.0836234, 0.421507, 0.905983, 0.0390725, -0.0923013, -3.87548e-08, 0.995731, -30.8288, 1.69414, 83.3832)
mesh = SubResource("BoxMesh_krh5m")

[node name="Wall2" parent="." instance=ExtResource("2_te7qo")]
transform = Transform3D(-0.582846, 0, -0.812582, 0, 1, 0, 0.812582, 0, -0.582846, 127.606, -0.572364, -45.7409)
mesh = SubResource("BoxMesh_krh5m")

[node name="Wall10" parent="." instance=ExtResource("2_te7qo")]
transform = Transform3D(-0.999644, 0, -0.0266831, 0, 1, 0, 0.0266831, 0, -0.999644, 2.78291, -0.658969, 100.616)
mesh = SubResource("BoxMesh_krh5m")

[node name="Wall11" parent="." instance=ExtResource("2_te7qo")]
transform = Transform3D(-0.999644, 0, -0.0266831, 0, 1, 0, 0.0266831, 0, -0.999644, -29.9542, -0.658973, 101.425)
mesh = SubResource("BoxMesh_krh5m")

[node name="Wall12" parent="." instance=ExtResource("2_te7qo")]
transform = Transform3D(-0.999644, 0, -0.0266831, 0, 1, 0, 0.0266831, 0, -0.999644, 35.0613, -0.658969, 100.005)
mesh = SubResource("BoxMesh_krh5m")

[node name="Ledge1" parent="." instance=ExtResource("2_te7qo")]
transform = Transform3D(1, 0, 0, 0, -4.37114e-08, 1, 0, -1, -4.37114e-08, 11.5811, 22.9609, 72.864)
mesh = SubResource("BoxMesh_b60p1")

[node name="Ledge2" parent="." instance=ExtResource("2_te7qo")]
transform = Transform3D(1, 0, 0, 0, -4.37114e-08, 1, 0, -1, -4.37114e-08, -6.05393, 22.9609, 73.4525)
mesh = SubResource("BoxMesh_b60p1")

[node name="Wall13" parent="." instance=ExtResource("2_te7qo")]
transform = Transform3D(-0.620806, 0, -0.783965, 0, 1, 0, 0.783965, 0, -0.620806, 58.3546, -0.658969, 88.2564)
mesh = SubResource("BoxMesh_krh5m")

[node name="Wall14" parent="." instance=ExtResource("2_te7qo")]
transform = Transform3D(-0.620806, 0, -0.783965, 0, 1, 0, 0.783965, 0, -0.620806, 77.9118, 1.09478, 63.0019)
mesh = SubResource("BoxMesh_krh5m")

[node name="Wall15" parent="." instance=ExtResource("2_te7qo")]
transform = Transform3D(-0.738168, -0.0524405, -0.672576, -0.0907058, 0.995636, 0.0219224, 0.668491, 0.0771889, -0.739704, 99.5707, 2.87914, 39.7514)
mesh = SubResource("BoxMesh_krh5m")

[node name="Wall16" parent="." instance=ExtResource("2_te7qo")]
transform = Transform3D(-0.493122, 0, -0.86996, 0, 1, 0, 0.86996, 0, -0.493122, 123.957, 4.29876, 8.39123)
mesh = SubResource("BoxMesh_krh5m")

[node name="Wall3" parent="." instance=ExtResource("2_te7qo")]
transform = Transform3D(-0.783118, 0, -0.621873, 0, 1, 0, 0.621873, 0, -0.783118, 104.534, -0.572364, -61.2175)
mesh = SubResource("BoxMesh_krh5m")

[node name="Building3" parent="." instance=ExtResource("2_te7qo")]
transform = Transform3D(-0.224509, 0, 0.974472, 0, 1, 0, -0.974472, 0, -0.224509, 38.7007, 6.99073, -19.3444)
mesh = SubResource("BoxMesh_gpjlf")

[node name="Building4" parent="." instance=ExtResource("2_te7qo")]
transform = Transform3D(-0.308951, 0, 0.951078, 0, 1, 0, -0.951078, 0, -0.308951, 50.6616, 6.99073, -23.665)
mesh = SubResource("BoxMesh_gpjlf")

[node name="Building58" parent="." instance=ExtResource("2_te7qo")]
transform = Transform3D(-0.995734, 0, -0.0922662, 0, 1, 0, 0.0922662, 0, -0.995734, -13.3397, 6.99073, -46.9031)
mesh = SubResource("BoxMesh_gpjlf")

[node name="Building59" parent="." instance=ExtResource("2_te7qo")]
transform = Transform3D(0.75078, 0, 0.660552, 0, 1, 0, -0.660552, 0, 0.75078, -29.92, 6.99073, -76.463)
mesh = SubResource("BoxMesh_gpjlf")

[node name="Building60" parent="." instance=ExtResource("2_te7qo")]
transform = Transform3D(0.702799, 0, 0.711389, 0, 1, 0, -0.711389, 0, 0.702799, -38.66, 6.99073, -85.7313)
mesh = SubResource("BoxMesh_gpjlf")

[node name="Building61" parent="." instance=ExtResource("2_te7qo")]
transform = Transform3D(0.965355, 0, -0.260943, 0, 1, 0, 0.260943, 0, 0.965355, 0.471134, 6.99072, -85.4182)
mesh = SubResource("BoxMesh_gpjlf")

[node name="Building62" parent="." instance=ExtResource("2_te7qo")]
transform = Transform3D(0.874155, 0, -0.48565, 0, 1, 0, 0.48565, 0, 0.874155, -2.00141, 6.99072, -73.5248)
mesh = SubResource("BoxMesh_gpjlf")

[node name="Building63" parent="." instance=ExtResource("2_te7qo")]
transform = Transform3D(0.780561, 0, -0.62508, 0, 1, 0, 0.62508, 0, 0.780561, -7.73971, 6.99072, -62.2674)
mesh = SubResource("BoxMesh_gpjlf")

[node name="Building64" parent="." instance=ExtResource("2_te7qo")]
transform = Transform3D(-0.950364, 0, -0.311141, 0, 1, 0, 0.311141, 0, -0.950364, -17.4726, 6.99073, -58.1166)
mesh = SubResource("BoxMesh_gpjlf")

[node name="Building65" parent="." instance=ExtResource("2_te7qo")]
transform = Transform3D(-0.919479, 0, -0.39314, 0, 1, 0, 0.39314, 0, -0.919479, -22.8502, 6.99073, -69.641)
mesh = SubResource("BoxMesh_gpjlf")

[node name="Building5" parent="." instance=ExtResource("2_te7qo")]
transform = Transform3D(-0.665582, 0, 0.746325, 0, 1, 0, -0.746325, 0, -0.665582, 83.1556, 6.99073, -53.7509)
mesh = SubResource("BoxMesh_gpjlf")

[node name="Platform2" parent="." instance=ExtResource("2_te7qo")]
transform = Transform3D(0.868977, 0, 0.494852, 0, 1, 0, -0.494852, 0, 0.868977, -111.119, 4.10632, -29.9999)
mesh = SubResource("CylinderMesh_efygk")

[node name="Platform4" parent="." instance=ExtResource("2_te7qo")]
transform = Transform3D(0.868977, 0, 0.494852, 0, 1, 0, -0.494852, 0, 0.868977, -20.0933, 13.5839, -81.6847)
mesh = SubResource("CylinderMesh_efygk")

[node name="Platform3" parent="." instance=ExtResource("2_te7qo")]
transform = Transform3D(0.868977, 0, 0.494852, 0, 1, 0, -0.494852, 0, 0.868977, -101.194, 2.5047, -31.2645)
mesh = SubResource("CylinderMesh_efygk")

[node name="Platform5" parent="." instance=ExtResource("2_te7qo")]
transform = Transform3D(0.868977, 0, 0.494852, 0, 1, 0, -0.494852, 0, 0.868977, -43.7976, -0.471504, 0.626581)
mesh = SubResource("CylinderMesh_efygk")

[node name="RaisedArea" parent="." instance=ExtResource("2_te7qo")]
transform = Transform3D(1, 0, 0, 0, 1, 0, 0, 0, 1, -90.3217, -2.57521, -21.958)
mesh = SubResource("BoxMesh_5icln")

[node name="RaisedArea5" parent="." instance=ExtResource("2_te7qo")]
transform = Transform3D(1, 0, 0, 0, 1, 0, 0, 0, 1, 20.7525, -2.57522, 152.669)
mesh = SubResource("BoxMesh_5icln")

[node name="RaisedArea6" parent="." instance=ExtResource("2_te7qo")]
transform = Transform3D(0.938902, 0, 0.344184, 0, 1, 0, -0.344184, 0, 0.938902, 74.3039, -2.57522, 140.949)
mesh = SubResource("BoxMesh_5icln")

[node name="RaisedArea2" parent="." instance=ExtResource("2_te7qo")]
transform = Transform3D(0.93919, 0, 0.343397, 0, 1, 0, -0.343397, 0, 0.93919, -84.4372, 0.79568, 33.09)
mesh = SubResource("BoxMesh_5icln")

[node name="RaisedArea3" parent="." instance=ExtResource("2_te7qo")]
transform = Transform3D(0.991093, 0, -0.133173, 0, 1, 0, 0.133173, 0, 0.991093, -88.1803, 4.23874, 82.2462)
mesh = SubResource("BoxMesh_5icln")

[node name="RaisedArea4" parent="." instance=ExtResource("2_te7qo")]
transform = Transform3D(0.414534, 0, 0.910034, 0, 1, 0, -0.910034, 0, 0.414534, -47.4972, 1.43814, 136.833)
mesh = SubResource("BoxMesh_5icln")

[node name="Ramp" parent="." instance=ExtResource("2_te7qo")]
transform = Transform3D(-0.999995, 0, -0.00308934, 0, 1, 0, 0.00308934, 0, -0.999995, -50.6586, 0.402475, -22.7234)
mesh = SubResource("PrismMesh_1mut2")

[node name="TallRamp" parent="." instance=ExtResource("2_te7qo")]
transform = Transform3D(-0.999995, 0, -0.00308934, 0, 1, 0, 0.00308934, 0, -0.999995, 56.4525, 6.7746, 23.4593)
mesh = SubResource("PrismMesh_1lnr0")

[node name="Ramp2" parent="." instance=ExtResource("2_te7qo")]
transform = Transform3D(-0.999995, 0, -0.00308934, 0, 1, 0, 0.00308934, 0, -0.999995, -50.6384, 0.402475, -40.8528)
mesh = SubResource("PrismMesh_1mut2")

[node name="Ramp3" parent="." instance=ExtResource("2_te7qo")]
transform = Transform3D(0.0132119, 0, -0.999913, 0, 1, 0, 0.999913, 0, 0.0132119, -65.9302, 0.402481, -61.6636)
mesh = SubResource("PrismMesh_1mut2")

[node name="Ramp4" parent="." instance=ExtResource("2_te7qo")]
transform = Transform3D(0.0132119, 0, -0.999913, 0, 1, 0, 0.999913, 0, 0.0132119, -105.668, 0.402477, -61.9146)
mesh = SubResource("PrismMesh_1mut2")

[node name="Ramp5" parent="." instance=ExtResource("2_te7qo")]
transform = Transform3D(0.30528, 0, -0.952263, 0, 1, 0, 0.952263, 0, 0.30528, -80.4493, 3.78779, -10.6114)
mesh = SubResource("PrismMesh_1mut2")

[node name="Ramp6" parent="." instance=ExtResource("2_te7qo")]
transform = Transform3D(-0.180725, 0, -0.983534, 0, 1, 0, 0.983534, 0, -0.180725, -65.5141, 7.14452, 45.0829)
mesh = SubResource("PrismMesh_1mut2")

[node name="Ramp7" parent="." instance=ExtResource("2_te7qo")]
transform = Transform3D(-0.180725, 0, -0.983534, 0, 1, 0, 0.983534, 0, -0.180725, -81.0903, 7.14452, 43.1091)
mesh = SubResource("PrismMesh_1mut2")

[node name="Ramp8" parent="." instance=ExtResource("2_te7qo")]
transform = Transform3D(-0.994529, 0, 0.104459, 0, 1, 0, -0.104459, 0, -0.994529, -52.2564, 7.39499, 109.701)
mesh = SubResource("PrismMesh_1mut2")

[node name="Pillar1" parent="." instance=ExtResource("2_te7qo")]
transform = Transform3D(1, 0, 0, 0, 1, 0, 0, 0, 1, 95.4626, 3.00891, -28.6986)
mesh = SubResource("CylinderMesh_srwb7")

[node name="Pillar6" parent="." instance=ExtResource("2_te7qo")]
transform = Transform3D(0.998109, 0, 0.0614666, 0, 1, 0, -0.0614666, 0, 0.998109, 11.2179, 3.00891, 47.5648)
mesh = SubResource("CylinderMesh_srwb7")

[node name="Pillar9" parent="." instance=ExtResource("2_te7qo")]
transform = Transform3D(0.998109, 0, 0.0614666, 0, 1, 0, -0.0614666, 0, 0.998109, 12.213, 3.00891, 61.8651)
mesh = SubResource("CylinderMesh_srwb7")

[node name="Pillar26" parent="." instance=ExtResource("2_te7qo")]
transform = Transform3D(0.998109, 0, 0.0614666, 0, 1, 0, -0.0614666, 0, 0.998109, 42.5443, 3.00891, 59.5546)
mesh = SubResource("CylinderMesh_srwb7")

[node name="Pillar27" parent="." instance=ExtResource("2_te7qo")]
transform = Transform3D(0.998109, 0, 0.0614666, 0, 1, 0, -0.0614666, 0, 0.998109, -38.116, 3.00891, 65.545)
mesh = SubResource("CylinderMesh_srwb7")

[node name="Pillar14" parent="." instance=ExtResource("2_te7qo")]
transform = Transform3D(0.998109, 0, 0.0614666, 0, 1, 0, -0.0614666, 0, 0.998109, 29.6808, 9.04807, 72.4124)
mesh = SubResource("CylinderMesh_srwb7")

[node name="Pillar21" parent="." instance=ExtResource("2_te7qo")]
transform = Transform3D(0.998109, 0, 0.0614666, 0, 1, 0, -0.0614666, 0, 0.998109, 31.1849, 3.03086, 70.7795)
mesh = SubResource("CylinderMesh_srwb7")

[node name="Pillar16" parent="." instance=ExtResource("2_te7qo")]
transform = Transform3D(0.800784, 0, -0.598954, 0, 1, 0, 0.598954, 0, 0.800784, -25.3133, 9.18294, 73.0775)
mesh = SubResource("CylinderMesh_srwb7")

[node name="Pillar22" parent="." instance=ExtResource("2_te7qo")]
transform = Transform3D(0.800784, 0, -0.598954, 0, 1, 0, 0.598954, 0, 0.800784, -26.911, 3.18202, 71.4213)
mesh = SubResource("CylinderMesh_srwb7")

[node name="Pillar15" parent="." instance=ExtResource("2_te7qo")]
transform = Transform3D(0.998109, 0, 0.0614666, 0, 1, 0, -0.0614666, 0, 0.998109, 12.0923, 17.0721, 78.0279)
mesh = SubResource("CylinderMesh_srwb7")

[node name="Pillar17" parent="." instance=ExtResource("2_te7qo")]
transform = Transform3D(0.998109, 0, 0.0614666, 0, 1, 0, -0.0614666, 0, 0.998109, -8.48754, 17.0721, 78.0253)
mesh = SubResource("CylinderMesh_srwb7")

[node name="Pillar8" parent="." instance=ExtResource("2_te7qo")]
transform = Transform3D(0.998109, 0, 0.0614666, 0, 1, 0, -0.0614666, 0, 0.998109, 9.84155, 3.00891, 17.782)
mesh = SubResource("CylinderMesh_srwb7")

[node name="Pillar7" parent="." instance=ExtResource("2_te7qo")]
transform = Transform3D(0.998109, 0, 0.0614666, 0, 1, 0, -0.0614666, 0, 0.998109, 10.7902, 3.00891, 32.2568)
mesh = SubResource("CylinderMesh_srwb7")

[node name="Pillar34" parent="." instance=ExtResource("2_te7qo")]
transform = Transform3D(0.998109, 0, 0.0614666, 0, 1, 0, -0.0614666, 0, 0.998109, 35.738, 16.9519, 12.0703)
mesh = SubResource("CylinderMesh_srwb7")

[node name="Pillar10" parent="." instance=ExtResource("2_te7qo")]
transform = Transform3D(0.998109, 0, 0.0614666, 0, 1, 0, -0.0614666, 0, 0.998109, -6.36559, 3.00891, 48.6477)
mesh = SubResource("CylinderMesh_srwb7")

[node name="Pillar18" parent="." instance=ExtResource("2_te7qo")]
transform = Transform3D(0.998109, 0, 0.0614666, 0, 1, 0, -0.0614666, 0, 0.998109, -13.9879, 3.00891, 101.298)
mesh = SubResource("CylinderMesh_srwb7")

[node name="Pillar19" parent="." instance=ExtResource("2_te7qo")]
transform = Transform3D(0.998109, 0, 0.0614666, 0, 1, 0, -0.0614666, 0, 0.998109, 19.2295, 3.00891, 100.588)
mesh = SubResource("CylinderMesh_srwb7")

[node name="Pillar20" parent="." instance=ExtResource("2_te7qo")]
transform = Transform3D(0.998109, 0, 0.0614666, 0, 1, 0, -0.0614666, 0, 0.998109, 49.4446, 3.00891, 99.0619)
mesh = SubResource("CylinderMesh_srwb7")

[node name="Pillar11" parent="." instance=ExtResource("2_te7qo")]
transform = Transform3D(0.998109, 0, 0.0614666, 0, 1, 0, -0.0614666, 0, 0.998109, -5.37049, 3.00891, 62.948)
mesh = SubResource("CylinderMesh_srwb7")

[node name="Pillar24" parent="." instance=ExtResource("2_te7qo")]
transform = Transform3D(0.998109, 0, 0.0614666, 0, 1, 0, -0.0614666, 0, 0.998109, 2.57708, 29.2588, 82.1177)
mesh = SubResource("CylinderMesh_srwb7")

[node name="Pillar28" parent="." instance=ExtResource("2_te7qo")]
transform = Transform3D(0.998109, 0, 0.0614666, 0, 1, 0, -0.0614666, 0, 0.998109, 69.6594, 18.1282, 135.218)
mesh = SubResource("CylinderMesh_srwb7")

[node name="Pillar25" parent="." instance=ExtResource("2_te7qo")]
transform = Transform3D(0.998109, 0, 0.0614666, 0, 1, 0, -0.0614666, 0, 0.998109, 2.82796, 21.2352, 74.7897)
mesh = SubResource("CylinderMesh_srwb7")

[node name="Pillar12" parent="." instance=ExtResource("2_te7qo")]
transform = Transform3D(0.998109, 0, 0.0614666, 0, 1, 0, -0.0614666, 0, 0.998109, -7.74198, 3.00891, 18.8648)
mesh = SubResource("CylinderMesh_srwb7")

[node name="Pillar33" parent="." instance=ExtResource("2_te7qo")]
transform = Transform3D(0.998109, 0, 0.0614666, 0, 1, 0, -0.0614666, 0, 0.998109, 8.57999, 3.00891, 1.74172)
mesh = SubResource("CylinderMesh_srwb7")

[node name="Pillar35" parent="." instance=ExtResource("2_te7qo")]
transform = Transform3D(0.998109, 0, 0.0614666, 0, 1, 0, -0.0614666, 0, 0.998109, 8.78363, 3.00891, -14.4642)
mesh = SubResource("CylinderMesh_srwb7")

[node name="Pillar37" parent="." instance=ExtResource("2_te7qo")]
transform = Transform3D(0.998109, 0, 0.0614666, 0, 1, 0, -0.0614666, 0, 0.998109, 8.83113, 3.00891, -30.5334)
mesh = SubResource("CylinderMesh_srwb7")

[node name="Pillar32" parent="." instance=ExtResource("2_te7qo")]
transform = Transform3D(0.998109, 0, 0.0614666, 0, 1, 0, -0.0614666, 0, 0.998109, 118.706, 3.00891, -34.0538)
mesh = SubResource("CylinderMesh_srwb7")

[node name="Pillar13" parent="." instance=ExtResource("2_te7qo")]
transform = Transform3D(0.998109, 0, 0.0614666, 0, 1, 0, -0.0614666, 0, 0.998109, -6.79334, 3.00891, 33.3397)
mesh = SubResource("CylinderMesh_srwb7")

[node name="Pillar2" parent="." instance=ExtResource("2_te7qo")]
transform = Transform3D(1, 0, 0, 0, 1, 0, 0, 0, 1, 117.62, 3.39473, -71.4186)
mesh = SubResource("CylinderMesh_srwb7")

[node name="Pillar29" parent="." instance=ExtResource("2_te7qo")]
transform = Transform3D(1, 0, 0, 0, 1, 0, 0, 0, 1, 76.5655, 3.39473, -92.3723)
mesh = SubResource("CylinderMesh_srwb7")

[node name="Pillar30" parent="." instance=ExtResource("2_te7qo")]
transform = Transform3D(1, 0, 0, 0, 1, 0, 0, 0, 1, 103.485, 3.39473, -96.6245)
mesh = SubResource("CylinderMesh_srwb7")

[node name="Pillar31" parent="." instance=ExtResource("2_te7qo")]
transform = Transform3D(1, 0, 0, 0, 1, 0, 0, 0, 1, 21.135, 3.39472, -71.4974)
mesh = SubResource("CylinderMesh_srwb7")

[node name="Pillar3" parent="." instance=ExtResource("2_te7qo")]
transform = Transform3D(1, 0, 0, 0, 1, 0, 0, 0, 1, 133.662, 2.14684, -57.2888)
mesh = SubResource("CylinderMesh_srwb7")

[node name="Pillar4" parent="." instance=ExtResource("2_te7qo")]
transform = Transform3D(1, 0, 0, 0, 1, 0, 0, 0, 1, 110.414, 3.39472, -17.6577)
mesh = SubResource("CylinderMesh_srwb7")

[node name="Pillar5" parent="." instance=ExtResource("2_te7qo")]
transform = Transform3D(1, 0, 0, 0, 1, 0, 0, 0, 1, 88.4495, 3.19046, 50.5631)
mesh = SubResource("CylinderMesh_srwb7")

[node name="Pillar23" parent="." instance=ExtResource("2_te7qo")]
transform = Transform3D(1, 0, 0, 0, 1, 0, 0, 0, 1, 68.3972, 3.19046, 75.2245)
mesh = SubResource("CylinderMesh_srwb7")
