[gd_scene load_steps=11 format=3 uid="uid://bos0kgufkj7rm"]

[ext_resource type="PackedScene" uid="uid://du7xjyugkrgid" path="res://entity/environment/rail.tscn" id="2_rmoe1"]
[ext_resource type="PackedScene" uid="uid://m3n3e4r5gvqw" path="res://entity/environment/greybox.tscn" id="2_te7qo"]

[sub_resource type="StandardMaterial3D" id="StandardMaterial3D_buo45"]
albedo_color = Color(0, 0, 0, 1)

[sub_resource type="PlaneMesh" id="PlaneMesh_43ysm"]
material = SubResource("StandardMaterial3D_buo45")
size = Vector2(300, 300)

[sub_resource type="Curve3D" id="Curve3D_nv0ij"]
_data = {
"points": PackedVector3Array(0, 0, 0, 0, 0, 0, 20.0887, -1.59411, -7.22327, 0, 0, 0, 0, 0, 0, 22.5941, 3.35186, -5.06768, 0, 0, 0, 0, 0, 0, 34.7969, 3.35186, -5.2082, 0, 0, 0, 0, 0, 0, 38.7693, 5.37236, -8.03316, 0, 0, 0, 0, 0, 0, 49.551, 5.3723, -10.4712, 0, 0, 0, 0, 0, 0, 57.851, 5.3723, -6.46938, 0, 0, 0, 0, 0, 0, 65.1135, 5.3723, -9.7795, 0, 0, 0, 0, 0, 0, 66.8962, 5.37231, -22.3547, 0, 0, 0, 0, 0, 0, 75.8658, 2.09325, -30.3181, 0, 0, 0, 0, 0, 0, 82.6084, -0.744846, -35.8265),
"tilts": PackedFloat32Array(0, 0, 0, 0, 0, 0, 0, 0, 0, 0)
}
point_count = 10

[sub_resource type="BoxMesh" id="BoxMesh_gpjlf"]
size = Vector3(20, 15, 15)

[sub_resource type="BoxMesh" id="BoxMesh_krh5m"]
size = Vector3(30, 10, 3)

[sub_resource type="BoxMesh" id="BoxMesh_b60p1"]
size = Vector3(14, 5, 1)

[sub_resource type="BoxMesh" id="BoxMesh_ys27g"]
size = Vector3(4, 8, 4)

[sub_resource type="CylinderMesh" id="CylinderMesh_srwb7"]
top_radius = 2.7
bottom_radius = 3.0
height = 7.0

[node name="PlatformerWorld" type="Node3D"]

[node name="Floor" type="MeshInstance3D" parent="."]
mesh = SubResource("PlaneMesh_43ysm")

[node name="Path3D2" parent="." instance=ExtResource("2_rmoe1")]
curve = SubResource("Curve3D_nv0ij")

[node name="Building1" parent="." instance=ExtResource("2_te7qo")]
transform = Transform3D(0.930954, 0, -0.365137, 0, 1, 0, 0.365137, 0, 0.930954, -25.8843, -4.29561, 81.6202)
mesh = SubResource("BoxMesh_gpjlf")

[node name="Building25" parent="." instance=ExtResource("2_te7qo")]
transform = Transform3D(0.967502, 0, 0.252863, 0, 1, 0, -0.252863, 0, 0.967502, 29.2339, -4.35182, 80.8534)
mesh = SubResource("BoxMesh_gpjlf")

[node name="Building26" parent="." instance=ExtResource("2_te7qo")]
transform = Transform3D(0.999798, 0, 0.0201048, 0, 1, 0, -0.0201048, 0, 0.999798, 2.62896, 18.505, 82.6931)
mesh = SubResource("BoxMesh_gpjlf")

[node name="Building23" parent="." instance=ExtResource("2_te7qo")]
transform = Transform3D(1, 0, 0, 0, 1, 0, 0, 0, 1, -16.3513, 7.13974, 81.4749)
mesh = SubResource("BoxMesh_gpjlf")

[node name="Building24" parent="." instance=ExtResource("2_te7qo")]
transform = Transform3D(1, 0, 0, 0, 1, 0, 0, 0, 1, 19.3012, 7.13974, 81.0099)
mesh = SubResource("BoxMesh_gpjlf")

[node name="Building27" parent="." instance=ExtResource("2_te7qo")]
transform = Transform3D(1, 0, 0, 0, 1, 0, 0, 0, 1, 19.3012, 3.76405, 78.7963)
mesh = SubResource("BoxMesh_gpjlf")

[node name="Building28" parent="." instance=ExtResource("2_te7qo")]
transform = Transform3D(0.99966, 0, -0.0260723, 0, 1, 0, 0.0260723, 0, 0.99966, -16.6336, 3.76405, 78.9654)
mesh = SubResource("BoxMesh_gpjlf")

[node name="Building2" parent="." instance=ExtResource("2_te7qo")]
transform = Transform3D(-0.00244347, 0, 0.999997, 0, 1, 0, -0.999997, 0, -0.00244347, 27.1613, 6.99073, -16.2356)
mesh = SubResource("BoxMesh_gpjlf")

[node name="Building6" parent="." instance=ExtResource("2_te7qo")]
transform = Transform3D(-0.00244347, 0, 0.999997, 0, 1, 0, -0.999997, 0, -0.00244347, 31.9035, 6.99073, 11.5854)
mesh = SubResource("BoxMesh_gpjlf")

[node name="Building7" parent="." instance=ExtResource("2_te7qo")]
transform = Transform3D(-0.133225, 0, 0.991086, 0, 1, 0, -0.991086, 0, -0.133225, 44.0225, 6.99073, 10.6897)
mesh = SubResource("BoxMesh_gpjlf")

[node name="Building8" parent="." instance=ExtResource("2_te7qo")]
transform = Transform3D(-0.23811, 0, 0.971238, 0, 1, 0, -0.971238, 0, -0.23811, 55.1931, 6.99073, 6.00016)
mesh = SubResource("BoxMesh_gpjlf")

[node name="Building9" parent="." instance=ExtResource("2_te7qo")]
transform = Transform3D(-0.419214, 0, 0.907887, 0, 1, 0, -0.907887, 0, -0.419214, 68.682, 6.99073, 0.520269)
mesh = SubResource("BoxMesh_gpjlf")

[node name="Building10" parent="." instance=ExtResource("2_te7qo")]
transform = Transform3D(-0.777991, 0, 0.628275, 0, 1, 0, -0.628275, 0, -0.777991, 131.652, 6.99073, -32.6602)
mesh = SubResource("BoxMesh_gpjlf")

[node name="Building22" parent="." instance=ExtResource("2_te7qo")]
transform = Transform3D(-0.862699, 0, 0.505717, 0, 1, 0, -0.505717, 0, -0.862699, 89.6195, 6.99073, -63.0995)
mesh = SubResource("BoxMesh_gpjlf")

[node name="Building13" parent="." instance=ExtResource("2_te7qo")]
transform = Transform3D(-0.467914, 0, 0.883774, 0, 1, 0, -0.883774, 0, -0.467914, 84.8056, 6.99073, 20.2795)
mesh = SubResource("BoxMesh_gpjlf")

[node name="Building30" parent="." instance=ExtResource("2_te7qo")]
transform = Transform3D(-0.995258, 0, -0.0972698, 0, 1, 0, 0.0972698, 0, -0.995258, 39.429, 6.99073, 25.7528)
mesh = SubResource("BoxMesh_gpjlf")

[node name="Building31" parent="." instance=ExtResource("2_te7qo")]
transform = Transform3D(-0.931476, 0, -0.363804, 0, 1, 0, 0.363804, 0, -0.931476, 45.4187, 6.99073, 34.8523)
mesh = SubResource("BoxMesh_gpjlf")

[node name="Building32" parent="." instance=ExtResource("2_te7qo")]
transform = Transform3D(-0.930922, 0, 0.365218, 0, 1, 0, -0.365218, 0, -0.930922, 53.4528, 6.99073, 37.1059)
mesh = SubResource("BoxMesh_gpjlf")

[node name="Building33" parent="." instance=ExtResource("2_te7qo")]
transform = Transform3D(-0.953302, 0, -0.30202, 0, 1, 0, 0.30202, 0, -0.953302, 60.6041, 6.99073, 34.109)
mesh = SubResource("BoxMesh_gpjlf")

[node name="Building34" parent="." instance=ExtResource("2_te7qo")]
transform = Transform3D(-0.953302, 0, -0.30202, 0, 1, 0, 0.30202, 0, -0.953302, 58.9247, 6.99073, 9.45155)
mesh = SubResource("BoxMesh_gpjlf")

[node name="Building35" parent="." instance=ExtResource("2_te7qo")]
transform = Transform3D(-0.959506, 0, 0.281689, 0, 1, 0, -0.281689, 0, -0.959506, -53.2915, 6.99073, 35.6141)
mesh = SubResource("BoxMesh_gpjlf")

[node name="Building17" parent="." instance=ExtResource("2_te7qo")]
transform = Transform3D(-0.636455, 0, 0.771314, 0, 1, 0, -0.771314, 0, -0.636455, 126.34, 6.99073, -19.6729)
mesh = SubResource("BoxMesh_gpjlf")

[node name="Building29" parent="." instance=ExtResource("2_te7qo")]
transform = Transform3D(-0.984267, 0, 0.176689, 0, 1, 0, -0.176689, 0, -0.984267, 131.795, 6.99073, -5.54822)
mesh = SubResource("BoxMesh_gpjlf")

[node name="Building18" parent="." instance=ExtResource("2_te7qo")]
transform = Transform3D(-0.68442, 0, 0.729088, 0, 1, 0, -0.729088, 0, -0.68442, 81.025, 6.99073, -10.0751)
mesh = SubResource("BoxMesh_gpjlf")

[node name="Building15" parent="." instance=ExtResource("2_te7qo")]
transform = Transform3D(0.590437, 0, -0.807084, 0, 1, 0, 0.807084, 0, 0.590437, 58.0911, 6.99073, -30.0934)
mesh = SubResource("BoxMesh_gpjlf")

[node name="Building16" parent="." instance=ExtResource("2_te7qo")]
transform = Transform3D(0.645378, 0, -0.763864, 0, 1, 0, 0.763864, 0, 0.645378, 68.1071, 6.99073, -37.9654)
mesh = SubResource("BoxMesh_gpjlf")

[node name="Building14" parent="." instance=ExtResource("2_te7qo")]
transform = Transform3D(-0.510603, 0, 0.859817, 0, 1, 0, -0.859817, 0, -0.510603, 87.2293, 6.99073, 10.1101)
mesh = SubResource("BoxMesh_gpjlf")

[node name="Building11" parent="." instance=ExtResource("2_te7qo")]
transform = Transform3D(-0.480484, 0, -0.877004, 0, 1, 0, 0.877004, 0, -0.480484, 74.8957, 6.99073, -65.0412)
mesh = SubResource("BoxMesh_gpjlf")

[node name="Building21" parent="." instance=ExtResource("2_te7qo")]
transform = Transform3D(-0.837776, 0, -0.546014, 0, 1, 0, 0.546014, 0, -0.837776, 68.3852, 6.99073, -70.8092)
mesh = SubResource("BoxMesh_gpjlf")

[node name="Building19" parent="." instance=ExtResource("2_te7qo")]
transform = Transform3D(0.578143, 0, -0.815936, 0, 1, 0, 0.815936, 0, 0.578143, 46.6836, 6.99073, -58.6449)
mesh = SubResource("BoxMesh_gpjlf")

[node name="Building20" parent="." instance=ExtResource("2_te7qo")]
transform = Transform3D(0.364731, 0, -0.931114, 0, 1, 0, 0.931114, 0, 0.364731, 37.2035, 6.99073, -51.0494)
mesh = SubResource("BoxMesh_gpjlf")

[node name="Building12" parent="." instance=ExtResource("2_te7qo")]
transform = Transform3D(0.203778, 0, -0.979017, 0, 1, 0, 0.979017, 0, 0.203778, 25.6103, 6.99073, -46.0238)
mesh = SubResource("BoxMesh_gpjlf")

[node name="Building36" parent="." instance=ExtResource("2_te7qo")]
transform = Transform3D(-0.967859, 0, -0.251495, 0, 1, 0, 0.251495, 0, -0.967859, 57.6419, 6.99072, -110.753)
mesh = SubResource("BoxMesh_gpjlf")

[node name="Building37" parent="." instance=ExtResource("2_te7qo")]
transform = Transform3D(-0.967859, 0, -0.251495, 0, 1, 0, 0.251495, 0, -0.967859, 40.2107, 6.99072, -108.124)
mesh = SubResource("BoxMesh_gpjlf")

[node name="Building38" parent="." instance=ExtResource("2_te7qo")]
transform = Transform3D(-0.967859, 0, -0.251495, 0, 1, 0, 0.251495, 0, -0.967859, 23.1943, 6.99073, -101.335)
mesh = SubResource("BoxMesh_gpjlf")

[node name="Building39" parent="." instance=ExtResource("2_te7qo")]
transform = Transform3D(-0.967859, 0, -0.251495, 0, 1, 0, 0.251495, 0, -0.967859, 8.42548, 6.99073, -98.579)
mesh = SubResource("BoxMesh_gpjlf")

[node name="Building40" parent="." instance=ExtResource("2_te7qo")]
transform = Transform3D(-0.967859, 0, -0.251495, 0, 1, 0, 0.251495, 0, -0.967859, -7.02722, 6.99073, -93.0954)
mesh = SubResource("BoxMesh_gpjlf")

[node name="Building41" parent="." instance=ExtResource("2_te7qo")]
transform = Transform3D(-0.967859, 0, -0.251495, 0, 1, 0, 0.251495, 0, -0.967859, -7.02722, 6.99073, -92.2635)
mesh = SubResource("BoxMesh_gpjlf")

[node name="Building42" parent="." instance=ExtResource("2_te7qo")]
transform = Transform3D(-0.992912, 0, -0.118855, 0, 1, 0, 0.118855, 0, -0.992912, -24.8763, 6.99072, -91.5167)
mesh = SubResource("BoxMesh_gpjlf")

[node name="Building43" parent="." instance=ExtResource("2_te7qo")]
transform = Transform3D(-0.999323, 0, -0.0368007, 0, 1, 0, 0.0368007, 0, -0.999323, -43.607, 6.99072, -90.8472)
mesh = SubResource("BoxMesh_gpjlf")

[node name="Building44" parent="." instance=ExtResource("2_te7qo")]
transform = Transform3D(-0.999323, 0, -0.0368007, 0, 1, 0, 0.0368007, 0, -0.999323, -62.1601, 6.99072, -88.3476)
mesh = SubResource("BoxMesh_gpjlf")

[node name="Building45" parent="." instance=ExtResource("2_te7qo")]
transform = Transform3D(-0.990448, 0, -0.137894, 0, 1, 0, 0.137894, 0, -0.990448, -76.5151, 6.99073, -88.5338)
mesh = SubResource("BoxMesh_gpjlf")

[node name="Building46" parent="." instance=ExtResource("2_te7qo")]
transform = Transform3D(-0.998742, 0, -0.0501571, 0, 1, 0, 0.0501571, 0, -0.998742, -93.767, 6.99072, -84.9081)
mesh = SubResource("BoxMesh_gpjlf")

[node name="Building47" parent="." instance=ExtResource("2_te7qo")]
transform = Transform3D(-0.998742, 0, -0.0501571, 0, 1, 0, 0.0501571, 0, -0.998742, -111.103, 6.99073, -81.7852)
mesh = SubResource("BoxMesh_gpjlf")

[node name="Wall1" parent="." instance=ExtResource("2_te7qo")]
transform = Transform3D(-0.879707, 0, -0.475517, 0, 1, 0, 0.475517, 0, -0.879707, 98.2957, -0.572364, -11.0901)
mesh = SubResource("BoxMesh_krh5m")

[node name="Wall4" parent="." instance=ExtResource("2_te7qo")]
transform = Transform3D(-0.995731, 0, -0.0923014, 0, 1, 0, 0.0923014, 0, -0.995731, -21.6027, -0.572371, 63.8527)
mesh = SubResource("BoxMesh_krh5m")

[node name="Wall5" parent="." instance=ExtResource("2_te7qo")]
transform = Transform3D(-0.995731, 0, -0.0923014, 0, 1, 0, 0.0923014, 0, -0.995731, 26.9228, -0.572371, 60.813)
mesh = SubResource("BoxMesh_krh5m")

[node name="Wall6" parent="." instance=ExtResource("2_te7qo")]
transform = Transform3D(-0.902116, 0.423314, -0.0836235, 0.421507, 0.905983, 0.0390725, 0.0923014, -1.62749e-09, -0.995731, 12.9884, 14.8594, 85.2728)
mesh = SubResource("BoxMesh_krh5m")

[node name="Wall7" parent="." instance=ExtResource("2_te7qo")]
transform = Transform3D(-0.902116, 0.423314, -0.0836235, 0.421507, 0.905983, 0.0390725, 0.0923014, -1.62749e-09, -0.995731, 32.565, 1.63211, 85.0628)
mesh = SubResource("BoxMesh_krh5m")

[node name="Wall8" parent="." instance=ExtResource("2_te7qo")]
transform = Transform3D(0.902116, -0.423314, 0.0836234, 0.421507, 0.905983, 0.0390725, -0.0923013, -3.87548e-08, 0.995731, -9.86313, 14.8594, 83.4269)
mesh = SubResource("BoxMesh_krh5m")

[node name="Wall9" parent="." instance=ExtResource("2_te7qo")]
transform = Transform3D(0.902116, -0.423314, 0.0836234, 0.421507, 0.905983, 0.0390725, -0.0923013, -3.87548e-08, 0.995731, -30.8288, 1.69414, 83.3832)
mesh = SubResource("BoxMesh_krh5m")

[node name="Wall2" parent="." instance=ExtResource("2_te7qo")]
transform = Transform3D(-0.582846, 0, -0.812582, 0, 1, 0, 0.812582, 0, -0.582846, 127.606, -0.572364, -45.7409)
mesh = SubResource("BoxMesh_krh5m")

[node name="Wall10" parent="." instance=ExtResource("2_te7qo")]
transform = Transform3D(-0.999644, 0, -0.0266831, 0, 1, 0, 0.0266831, 0, -0.999644, 2.78291, -0.658969, 100.616)
mesh = SubResource("BoxMesh_krh5m")

[node name="Wall11" parent="." instance=ExtResource("2_te7qo")]
transform = Transform3D(-0.999644, 0, -0.0266831, 0, 1, 0, 0.0266831, 0, -0.999644, -29.9542, -0.658973, 101.425)
mesh = SubResource("BoxMesh_krh5m")

[node name="Wall12" parent="." instance=ExtResource("2_te7qo")]
transform = Transform3D(-0.999644, 0, -0.0266831, 0, 1, 0, 0.0266831, 0, -0.999644, 35.0613, -0.658969, 100.005)
mesh = SubResource("BoxMesh_krh5m")

[node name="Ledge1" parent="." instance=ExtResource("2_te7qo")]
transform = Transform3D(1, 0, 0, 0, -4.37114e-08, 1, 0, -1, -4.37114e-08, 11.5811, 22.9609, 72.864)
mesh = SubResource("BoxMesh_b60p1")

[node name="Ledge2" parent="." instance=ExtResource("2_te7qo")]
transform = Transform3D(1, 0, 0, 0, -4.37114e-08, 1, 0, -1, -4.37114e-08, -6.05393, 22.9609, 73.4525)
mesh = SubResource("BoxMesh_b60p1")

[node name="Wall13" parent="." instance=ExtResource("2_te7qo")]
transform = Transform3D(-0.620806, 0, -0.783965, 0, 1, 0, 0.783965, 0, -0.620806, 58.3546, -0.658969, 88.2564)
mesh = SubResource("BoxMesh_krh5m")

[node name="Wall14" parent="." instance=ExtResource("2_te7qo")]
transform = Transform3D(-0.620806, 0, -0.783965, 0, 1, 0, 0.783965, 0, -0.620806, 77.9118, 1.09478, 63.0019)
mesh = SubResource("BoxMesh_krh5m")

[node name="Wall15" parent="." instance=ExtResource("2_te7qo")]
transform = Transform3D(-0.738168, -0.0524405, -0.672576, -0.0907058, 0.995636, 0.0219224, 0.668491, 0.0771889, -0.739704, 99.5707, 2.87914, 39.7514)
mesh = SubResource("BoxMesh_krh5m")

[node name="Wall16" parent="." instance=ExtResource("2_te7qo")]
transform = Transform3D(-0.493122, 0, -0.86996, 0, 1, 0, 0.86996, 0, -0.493122, 120.726, 4.29876, 12.7743)
mesh = SubResource("BoxMesh_krh5m")

[node name="Wall3" parent="." instance=ExtResource("2_te7qo")]
transform = Transform3D(-0.783118, 0, -0.621873, 0, 1, 0, 0.621873, 0, -0.783118, 104.534, -0.572364, -61.2175)
mesh = SubResource("BoxMesh_krh5m")

[node name="Building3" parent="." instance=ExtResource("2_te7qo")]
transform = Transform3D(-0.224509, 0, 0.974472, 0, 1, 0, -0.974472, 0, -0.224509, 38.7007, 6.99073, -19.3444)
mesh = SubResource("BoxMesh_gpjlf")

[node name="Building4" parent="." instance=ExtResource("2_te7qo")]
transform = Transform3D(-0.308951, 0, 0.951078, 0, 1, 0, -0.951078, 0, -0.308951, 50.6616, 6.99073, -23.665)
mesh = SubResource("BoxMesh_gpjlf")

[node name="Building5" parent="." instance=ExtResource("2_te7qo")]
transform = Transform3D(-0.665582, 0, 0.746325, 0, 1, 0, -0.746325, 0, -0.665582, 83.1556, 6.99073, -53.7509)
mesh = SubResource("BoxMesh_gpjlf")

[node name="Column" parent="." instance=ExtResource("2_te7qo")]
transform = Transform3D(1, 0, 0, 0, 1, 0, 0, 0, 1, -20.5837, 3.9182, -48.5726)
mesh = SubResource("BoxMesh_ys27g")

[node name="Pillar1" parent="." instance=ExtResource("2_te7qo")]
transform = Transform3D(1, 0, 0, 0, 1, 0, 0, 0, 1, 95.4626, 3.00891, -28.6986)
mesh = SubResource("CylinderMesh_srwb7")

[node name="Pillar6" parent="." instance=ExtResource("2_te7qo")]
transform = Transform3D(0.998109, 0, 0.0614666, 0, 1, 0, -0.0614666, 0, 0.998109, 11.2179, 3.00891, 47.5648)
mesh = SubResource("CylinderMesh_srwb7")

[node name="Pillar9" parent="." instance=ExtResource("2_te7qo")]
transform = Transform3D(0.998109, 0, 0.0614666, 0, 1, 0, -0.0614666, 0, 0.998109, 12.213, 3.00891, 61.8651)
mesh = SubResource("CylinderMesh_srwb7")

[node name="Pillar26" parent="." instance=ExtResource("2_te7qo")]
transform = Transform3D(0.998109, 0, 0.0614666, 0, 1, 0, -0.0614666, 0, 0.998109, 42.5443, 3.00891, 59.5546)
mesh = SubResource("CylinderMesh_srwb7")

[node name="Pillar27" parent="." instance=ExtResource("2_te7qo")]
transform = Transform3D(0.998109, 0, 0.0614666, 0, 1, 0, -0.0614666, 0, 0.998109, -38.116, 3.00891, 65.545)
mesh = SubResource("CylinderMesh_srwb7")

[node name="Pillar14" parent="." instance=ExtResource("2_te7qo")]
transform = Transform3D(0.998109, 0, 0.0614666, 0, 1, 0, -0.0614666, 0, 0.998109, 29.6808, 9.04807, 72.4124)
mesh = SubResource("CylinderMesh_srwb7")

[node name="Pillar21" parent="." instance=ExtResource("2_te7qo")]
transform = Transform3D(0.998109, 0, 0.0614666, 0, 1, 0, -0.0614666, 0, 0.998109, 31.1849, 3.03086, 70.7795)
mesh = SubResource("CylinderMesh_srwb7")

[node name="Pillar16" parent="." instance=ExtResource("2_te7qo")]
transform = Transform3D(0.800784, 0, -0.598954, 0, 1, 0, 0.598954, 0, 0.800784, -25.3133, 9.18294, 73.0775)
mesh = SubResource("CylinderMesh_srwb7")

[node name="Pillar22" parent="." instance=ExtResource("2_te7qo")]
transform = Transform3D(0.800784, 0, -0.598954, 0, 1, 0, 0.598954, 0, 0.800784, -26.911, 3.18202, 71.4213)
mesh = SubResource("CylinderMesh_srwb7")

[node name="Pillar15" parent="." instance=ExtResource("2_te7qo")]
transform = Transform3D(0.998109, 0, 0.0614666, 0, 1, 0, -0.0614666, 0, 0.998109, 12.0923, 17.0721, 78.0279)
mesh = SubResource("CylinderMesh_srwb7")

[node name="Pillar17" parent="." instance=ExtResource("2_te7qo")]
transform = Transform3D(0.998109, 0, 0.0614666, 0, 1, 0, -0.0614666, 0, 0.998109, -8.48754, 17.0721, 78.0253)
mesh = SubResource("CylinderMesh_srwb7")

[node name="Pillar8" parent="." instance=ExtResource("2_te7qo")]
transform = Transform3D(0.998109, 0, 0.0614666, 0, 1, 0, -0.0614666, 0, 0.998109, 9.84155, 3.00891, 17.782)
mesh = SubResource("CylinderMesh_srwb7")

[node name="Pillar7" parent="." instance=ExtResource("2_te7qo")]
transform = Transform3D(0.998109, 0, 0.0614666, 0, 1, 0, -0.0614666, 0, 0.998109, 10.7902, 3.00891, 32.2568)
mesh = SubResource("CylinderMesh_srwb7")

[node name="Pillar10" parent="." instance=ExtResource("2_te7qo")]
transform = Transform3D(0.998109, 0, 0.0614666, 0, 1, 0, -0.0614666, 0, 0.998109, -6.36559, 3.00891, 48.6477)
mesh = SubResource("CylinderMesh_srwb7")

[node name="Pillar18" parent="." instance=ExtResource("2_te7qo")]
transform = Transform3D(0.998109, 0, 0.0614666, 0, 1, 0, -0.0614666, 0, 0.998109, -13.9879, 3.00891, 101.298)
mesh = SubResource("CylinderMesh_srwb7")

[node name="Pillar19" parent="." instance=ExtResource("2_te7qo")]
transform = Transform3D(0.998109, 0, 0.0614666, 0, 1, 0, -0.0614666, 0, 0.998109, 19.2295, 3.00891, 100.588)
mesh = SubResource("CylinderMesh_srwb7")

[node name="Pillar20" parent="." instance=ExtResource("2_te7qo")]
transform = Transform3D(0.998109, 0, 0.0614666, 0, 1, 0, -0.0614666, 0, 0.998109, 49.4446, 3.00891, 99.0619)
mesh = SubResource("CylinderMesh_srwb7")

[node name="Pillar11" parent="." instance=ExtResource("2_te7qo")]
transform = Transform3D(0.998109, 0, 0.0614666, 0, 1, 0, -0.0614666, 0, 0.998109, -5.37049, 3.00891, 62.948)
mesh = SubResource("CylinderMesh_srwb7")

[node name="Pillar24" parent="." instance=ExtResource("2_te7qo")]
transform = Transform3D(0.998109, 0, 0.0614666, 0, 1, 0, -0.0614666, 0, 0.998109, 2.57708, 29.2588, 82.1177)
mesh = SubResource("CylinderMesh_srwb7")

[node name="Pillar25" parent="." instance=ExtResource("2_te7qo")]
transform = Transform3D(0.998109, 0, 0.0614666, 0, 1, 0, -0.0614666, 0, 0.998109, 2.82796, 21.2352, 74.7897)
mesh = SubResource("CylinderMesh_srwb7")

[node name="Pillar12" parent="." instance=ExtResource("2_te7qo")]
transform = Transform3D(0.998109, 0, 0.0614666, 0, 1, 0, -0.0614666, 0, 0.998109, -7.74198, 3.00891, 18.8648)
mesh = SubResource("CylinderMesh_srwb7")

[node name="Pillar13" parent="." instance=ExtResource("2_te7qo")]
transform = Transform3D(0.998109, 0, 0.0614666, 0, 1, 0, -0.0614666, 0, 0.998109, -6.79334, 3.00891, 33.3397)
mesh = SubResource("CylinderMesh_srwb7")

[node name="Pillar2" parent="." instance=ExtResource("2_te7qo")]
transform = Transform3D(1, 0, 0, 0, 1, 0, 0, 0, 1, 117.62, 3.39473, -71.4186)
mesh = SubResource("CylinderMesh_srwb7")

[node name="Pillar3" parent="." instance=ExtResource("2_te7qo")]
transform = Transform3D(1, 0, 0, 0, 1, 0, 0, 0, 1, 136.522, 3.39473, -59.0025)
mesh = SubResource("CylinderMesh_srwb7")

[node name="Pillar4" parent="." instance=ExtResource("2_te7qo")]
transform = Transform3D(1, 0, 0, 0, 1, 0, 0, 0, 1, 110.414, 3.39472, -17.6577)
mesh = SubResource("CylinderMesh_srwb7")

[node name="Pillar5" parent="." instance=ExtResource("2_te7qo")]
transform = Transform3D(1, 0, 0, 0, 1, 0, 0, 0, 1, 88.4495, 3.19046, 50.5631)
mesh = SubResource("CylinderMesh_srwb7")

[node name="Pillar23" parent="." instance=ExtResource("2_te7qo")]
transform = Transform3D(1, 0, 0, 0, 1, 0, 0, 0, 1, 68.3972, 3.19046, 75.2245)
mesh = SubResource("CylinderMesh_srwb7")
